2500    2.44329 2.44328 2.44328 0.00244776
480     2.44329 2.44328 2.44328 0.00261872
0.2391  4       2.44329 0.002512290495
2500    3.71059 3.71059 3.71059 0.00307379
480     3.71059 3.71059 3.71059 0.00302783
0.2391  6       3.71059 0.003070113237
2500    5.30593 5.30594 5.30594 0.00526713
480     5.30593 5.30594 5.30594 0.00547736
0.2391  8       5.30593 0.005423130777
2500    7.33896 7.33902 7.33902 0.0110804
480     7.33896 7.33902 7.33902 0.0110948
0.2391  10      7.33896 0.01130920016
2500    9.83645 9.83703 9.83703 0.0339554
480     9.83647 9.83703 9.83703 0.033343
0.2391  12      9.83644 0.03453343373
2500    12.813  12.8227 12.8227 0.140013
480     12.8126 12.8227 12.8228 0.142882
0.2391  14      12.812  0.1474969813
2500    15.8091 16.1951 16.1952 0.980065
480     15.8106 16.1951 16.1959 0.979238
0.2391  16      15.8116 0.9786763665
2500    -nan    inf     inf     -nan
480     -nan    inf     inf     -nan
0.2391  18      -nan    -nan
2500    1.85752 1.85751 1.85751 0.00297603
2500    2.33358 2.33357 2.33357 0.00304375
480     1.85752 1.85751 1.85751 0.00307514
0.223   4       1.85752 0.00296983956
480     2.33358 2.33357 2.33357 0.00330164
0.223   6       2.33358 0.003211003599
2500    2.6798  2.67978 2.67978 0.00329106
480     2.6798  2.67978 2.67978 0.00352886
0.223   8       2.6798  0.003495107163
2500    2.96337 2.96335 2.96335 0.00336299
480     2.96337 2.96335 2.96335 0.00351542
0.223   10      2.96337 0.003388708943
2500    3.22525 3.22523 3.22523 0.00355381
480     3.22525 3.22523 3.22523 0.00357554
0.223   12      3.22525 0.003563922076
2500    3.46581 3.4658  3.4658  0.00379582
480     3.46581 3.4658  3.4658  0.00378273
0.223   14      3.46581 0.003709254344
2500    3.69931 3.6993  3.6993  0.00390403
480     3.69931 3.6993  3.6993  0.00394457
0.223   16      3.69931 0.003975101596
2500    3.92179 3.92178 3.92178 0.00411135
480     3.92179 3.92178 3.92178 0.00412759
0.223   18      3.92179 0.004058121014
2500    4.15678 4.15677 4.15677 0.00437753
480     4.15678 4.15677 4.15677 0.00441471
0.223   20      4.15678 0.00449111061
2500    4.39788 4.39787 4.39787 0.00475708
480     4.39788 4.39787 4.39787 0.00496946
0.223   22      4.39788 0.004896036817
2500    4.64098 4.64097 4.64097 0.00479741
480     4.64098 4.64097 4.64097 0.00492354
0.223   24      4.64098 0.004841337597
2500    4.90664 4.90664 4.90664 0.00528033
480     4.90664 4.90664 4.90664 0.00525334
0.223   26      4.90664 0.005462905811
2500    2.19208 2.19207 2.19207 0.00250273
480     2.19208 2.19207 2.19207 0.00256437
0.2327  4       2.19208 0.002558626652
2500    3.08055 3.08054 3.08054 0.00280298
480     3.08055 3.08054 3.08054 0.00289366
0.2327  6       3.08055 0.002801721334
2500    4.05084 4.05084 4.05084 0.00350735
480     4.05084 4.05084 4.05084 0.00370748
0.2327  8       4.05084 0.003515546823
2500    5.23687 5.23688 5.23688 0.00493282
480     5.23687 5.23688 5.23688 0.00486017
0.2327  10      5.23687 0.004929519308
2500    6.65791 6.65795 6.65795 0.00844627
480     6.65791 6.65795 6.65795 0.00854324
0.2327  12      6.65791 0.00862318256
2500    8.3412  8.34132 8.34132 0.0160379
480     8.34121 8.34132 8.34132 0.0154056
0.2327  14      8.3412  0.01601796649
2500    10.3565 10.3573 10.3573 0.0398395
480     10.3564 10.3573 10.3573 0.0411446
0.2327  16      10.3564 0.04068707854
2500    12.3468 12.3518 12.3518 0.100535
480     12.347  12.3518 12.3518 0.0980197
0.2327  18      12.3471 0.097355445
2500    15.5746 15.725  15.7251 0.575023
480     15.5757 15.725  15.7254 0.573564
0.2327  20      15.5764 0.5725690593
2500    -nan    inf     inf     -nan
480     -nan    inf     inf     -nan
0.2327  22      -nan    -nan
2500    2.00214 2.00213 2.00213 0.00263025
2500    2.64633 2.64632 2.64632 0.00271456
480     2.00214 2.00213 2.00213 0.00263189
0.2275  4       2.00214 0.002598770582
480     2.64633 2.64632 2.64632 0.00259846
0.2275  6       2.64633 0.002597064818
2500    3.22239 3.22238 3.22238 0.00307234
480     3.22239 3.22238 3.22238 0.00299194
0.2275  8       3.22239 0.003047932515
2500    3.83084 3.83084 3.83084 0.00348256
480     3.83084 3.83084 3.83084 0.00341048
0.2275  10      3.83084 0.003497052638
2500    4.51837 4.51837 4.51837 0.00415059
480     4.51837 4.51837 4.51837 0.0041228
0.2275  12      4.51837 0.004082898002
2500    5.30964 5.30964 5.30964 0.00521428
480     5.30964 5.30964 5.30964 0.00528134
0.2275  14      5.30964 0.005308523975
2500    6.21212 6.21214 6.21214 0.00688115
480     6.21212 6.21214 6.21214 0.00698535
0.2275  16      6.21212 0.007010058597
2500    7.21657 7.21661 7.21661 0.00965518
480     7.21657 7.21661 7.21661 0.00981503
0.2275  18      7.21657 0.009834590123
2500    8.37387 8.37397 8.37397 0.0148462
480     8.37387 8.37397 8.37398 0.014917
0.2275  20      8.37387 0.01500376244
2500    9.6005  9.60079 9.60079 0.0241822
480     9.6005  9.60079 9.60079 0.0245319
0.2275  22      9.6005  0.02423695547
2500    10.9981 10.999  10.999  0.0440558
480     10.9981 10.999  10.999  0.0430872
0.2275  24      10.9981 0.04252628946
2500    12.3203 12.3235 12.3235 0.0799437
480     12.3203 12.3235 12.3235 0.0804133
0.2275  26      12.3201 0.08250067515
2500    13.8785 13.8924 13.8924 0.167814
480     13.8763 13.8924 13.8924 0.180755
0.2275  28      13.8772 0.1757931437
2500    15.1608 15.2142 15.2142 0.332586
480     15.1618 15.2142 15.2143 0.330041
0.2275  30      15.1624 0.3280532742
2500    5.16902 5.16903 5.16903 0.00559713
480     5.16902 5.16903 5.16903 0.00566576
0.223   28      5.16902 0.005767083276
2500    5.46923 5.46924 5.46924 0.00612542
480     5.46923 5.46924 5.46924 0.00603763
0.223   30      5.46923 0.006086380991
2500    5.76497 5.76498 5.76498 0.00677731
480     5.76497 5.76498 5.76498 0.00657435
0.223   32      5.76497 0.006714228368
2500    6.08949 6.08951 6.08951 0.0074758
480     6.08949 6.08951 6.08951 0.00775597
0.223   34      6.08949 0.007673409507
2500    1.8906  1.89059 1.89059 0.00289671
2500    2.39601 2.396   2.396   0.00291867
480     1.8906  1.89059 1.89059 0.00285006
0.224   4       1.8906  0.002918967089
480     2.39601 2.396   2.396   0.00288064
0.224   6       2.39601 0.002833353527
2500    2.78391 2.7839  2.7839  0.00302837
480     2.78391 2.7839  2.7839  0.0031215
0.224   8       2.78391 0.003170166233
2500    3.13298 3.13297 3.13297 0.00329568
480     3.13298 3.13297 3.13297 0.00338836
0.224   10      3.13298 0.0033809703
2500    3.46266 3.46265 3.46265 0.00343635
480     3.46266 3.46265 3.46265 0.00350593
0.224   12      3.46266 0.003502058251
2500    3.78736 3.78735 3.78735 0.00383145
480     3.78736 3.78735 3.78735 0.00372373
0.224   14      3.78736 0.003789782907
2500    4.12133 4.12133 4.12133 0.00411003
480     4.12133 4.12133 4.12133 0.00418788
0.224   16      4.12133 0.004217312981
2500    4.4806  4.4806  4.4806  0.00441322
480     4.4806  4.4806  4.4806  0.00426337
0.224   18      4.4806  0.004318457786
2500    4.86102 4.86102 4.86102 0.00497703
480     4.86102 4.86102 4.86102 0.00518345
0.224   20      4.86102 0.00515458098
2500    5.28276 5.28277 5.28277 0.00567609
480     5.28276 5.28277 5.28277 0.00533267
0.224   22      5.28276 0.005492872853
2500    5.71899 5.719   5.719   0.00633091
480     5.71899 5.719   5.719   0.00668378
0.224   24      5.71899 0.006523086451
2500    6.22132 6.22134 6.22134 0.00745718
480     6.22132 6.22134 6.22134 0.00808119
0.224   26      6.22132 0.007995747207
2500    6.73317 6.7332  6.7332  0.00862053
480     6.73317 6.7332  6.7332  0.00874676
0.224   28      6.73317 0.008762913576
2500    7.28831 7.28835 7.28835 0.00994785
480     7.28831 7.28835 7.28835 0.0100588
0.224   30      7.28831 0.01011931938
2500    7.8855  7.88557 7.88557 0.0123584
480     7.8855  7.88557 7.88557 0.0129133
0.224   32      7.8855  0.01293941598
2500    1.93943 1.93943 1.93943 0.00272638
2500    2.49929 2.49928 2.49928 0.00282467
480     1.93943 1.93943 1.93943 0.00268983
0.2255  4       1.93943 0.002712506495
480     2.49929 2.49928 2.49928 0.00284064
0.2255  6       2.49929 0.002822567177
2500    2.96574 2.96574 2.96574 0.00304301
480     2.96574 2.96574 2.96574 0.00293261
0.2255  8       2.96574 0.002956100469
2500    3.40994 3.40994 3.40994 0.00333835
480     3.40994 3.40994 3.40994 0.0032916
0.2255  10      3.40994 0.003260273902
2500    3.87099 3.87098 3.87098 0.00361132
480     3.87099 3.87098 3.87098 0.00359
0.2255  12      3.87099 0.003565503689
2500    4.35881 4.35881 4.35881 0.00418104
480     4.35881 4.35881 4.35881 0.00406999
0.2255  14      4.35881 0.004129856586
2500    4.90932 4.90932 4.90932 0.00472041
480     4.90932 4.90932 4.90932 0.00502307
0.2255  16      4.90932 0.005000778775
2500    5.53472 5.53473 5.53473 0.00573856
480     5.53472 5.53473 5.53473 0.00597534
0.2255  18      5.53472 0.005885950837
2500    6.22121 6.22123 6.22123 0.00717387
480     6.22121 6.22123 6.22123 0.00735744
0.2255  20      6.22121 0.007434106469
2500    6.9482  6.94824 6.94824 0.00880522
480     6.9482  6.94824 6.94824 0.00939342
0.2255  22      6.9482  0.009000646826
2500    7.77994 7.78    7.78    0.0118184
480     7.77994 7.78    7.78    0.0112216
0.2255  24      7.77994 0.0114978593
2500    8.6759  8.67603 8.67603 0.0163947
480     8.67591 8.67603 8.67603 0.0158011
0.2255  26      8.67591 0.01613838749
2500    9.60157 9.60183 9.60183 0.0230414
480     9.60156 9.60183 9.60183 0.0237432
0.2255  28      9.60157 0.02327067476
2500    10.6735 10.6742 10.6742 0.03593
480     10.6736 10.6742 10.6742 0.0356415
0.2255  30      10.6735 0.0359678164
2500    11.753  11.7546 11.7546 0.0568862
480     11.753  11.7546 11.7546 0.0570343
0.2255  32      11.753  0.05757822599
2500    1.85752 1.85751 1.85751 0.00297603
2500    2.33358 2.33357 2.33357 0.00304375
480     1.85752 1.85751 1.85751 0.00307514
0.223   4       1.85752 0.00296983956
480     2.33358 2.33357 2.33357 0.00330164
0.223   6       2.33358 0.003211003599
2500    2.6798  2.67978 2.67978 0.00329106
480     2.6798  2.67978 2.67978 0.00352886
0.223   8       2.6798  0.003495107163
2500    2.96337 2.96335 2.96335 0.00336299
480     2.96337 2.96335 2.96335 0.00351542
0.223   10      2.96337 0.003388708943
2500    3.22525 3.22523 3.22523 0.00355381
480     3.22525 3.22523 3.22523 0.00357554
0.223   12      3.22525 0.003563922076
2500    3.46581 3.4658  3.4658  0.00379582
480     3.46581 3.4658  3.4658  0.00378273
0.223   14      3.46581 0.003709254344
2500    3.69931 3.6993  3.6993  0.00390403
480     3.69931 3.6993  3.6993  0.00394457
0.223   16      3.69931 0.003975101596
2500    3.92179 3.92178 3.92178 0.00411135
480     3.92179 3.92178 3.92178 0.00412759
0.223   18      3.92179 0.004058121014
2500    4.15678 4.15677 4.15677 0.00437753
480     4.15678 4.15677 4.15677 0.00441471
0.223   20      4.15678 0.00449111061
2500    4.39788 4.39787 4.39787 0.00475708
480     4.39788 4.39787 4.39787 0.00496946
0.223   22      4.39788 0.004896036817
2500    4.64098 4.64097 4.64097 0.00479741
480     4.64098 4.64097 4.64097 0.00492354
0.223   24      4.64098 0.004841337597
2500    4.90664 4.90664 4.90664 0.00528033
480     4.90664 4.90664 4.90664 0.00525334
0.223   26      4.90664 0.005462905811




